f092761185

2700, 3965, 3250, 3490, 2538, 3717, 4233, 205, 707, 3449, 853, 1438, 3270, 1469, 2324, 4739, 4355, 2480, 717, 1798, 1874, 456, 4064, 2207, 1137, 763, 3612, 877, 280, 4303, 3417, 2106, 1756, 3846, 54, 2923, 1667, 2641, 3223, 1046, 3276, 2240, 520, 1458, 4747



J102519Y

4389, 3749, 991, 2564, 3188, 3189, 861, 3186, 3463, 175, 4546, 4356, 4279, 4081, 858

queenfish7
894, 4278, 2717, 1371, 69, 1755, 102, 2188, 3565, 460, 1564, 590, 3436, 2987, 1958, 764, 1044, 2146, 1601, 4161, 1228, 2436, 73, 202, 4432, 413, 339, 2909, 4377, 4231, 4709, 3451, 1319, 321, 814, 699, 1001, 4286, 3303


aqn3765
3756, 4669, 28, 906, 3021, 3266, 3135, 3895, 3752, 3111, 4530, 4126, 2047, 1481, 2109, 1530, 3020, 4719, 3283, 3700, 1223, 3468, 4656, 48, 3310


aqn1027
42, 81, 4570, 3659, 2308, 524


asd7421466
3340, 4310, 3727, 2283, 467, 375, 200, 112, 694, 4116, 1608, 2211, 3681, 3107, 4586, 1496, 4399, 4461, 1686, 2992, 4224, 4619, 4180, 2148, 4528, 1561, 3190, 4402, 2808, 196, 1728, 4392, 4296, 3823, 4531, 2294, 4547, 3439, 2627, 3679, 662, 2965, 1553, 2426, 3083, 2948, 4014, 4596, 1328, 521, 4443, 729, 2335, 3590


olik9458
311, 4683, 3911

t3701616
3475, 2250, 1335, 2743, 1124, 4104, 1980, 2032, 3057, 619, 2933, 3944, 128, 2221, 2511, 1851, 3434, 2612, 1582, 2260, 332, 2330, 4062, 4214, 3201, 2783

scorpio82
2634

114385
4285, 4060, 204, 3455, 1867, 3325, 3097

ky840723
4613, 2963, 3643, 612, 1594, 3753, 3406, 2988, 3924, 3137

JunLi1211
1793, 3175, 3452, 4107, 250, 491, 1690, 3481, 3520, 45, 973, 4012, 4026, 1154, 3131, 150, 2176, 4588, 787, 4210, 1201, 3478, 2110, 2332, 2549, 104, 3529, 1300, 3142, 1711, 1912, 3833, 1928, 2281, 4532, 2809, 1334, 3364, 419, 2540, 3928, 3989, 365, 2461, 961, 1331, 1658

Skyted030
3697, 2666, 1805, 645, 3469, 2910, 649, 1745, 234, 3194, 850, 3616, 1578, 3255, 1278, 4325, 3941, 2697, 3164, 4194, 3969, 1163, 1444, 392, 3821, 475, 1204, 1524, 3866, 3634, 3641, 1015, 1828, 4662, 4652, 3532, 1487, 1011, 1286, 3951, 301, 3995, 3497, 585, 4239, 2107, 408, 1429, 776, 89, 784, 3149, 4536, 2588, 4517, 2190, 400, 2846, 1051, 2841, 3883, 2447, 3246, 1299, 1824, 1633, 2413, 1307, 2201, 1864, 3313, 979, 213, 4317, 4455, 1135, 2133, 788, 1447, 3196, 4090, 2501, 3335, 4632, 2750, 4585, 3507, 1116, 3444, 4678, 1404, 1365, 330, 803, 298, 2531, 4080, 1383, 3396, 2325, 2195, 2300, 2280, 4309, 748, 3516, 2735, 800, 2037, 140, 2911, 4348, 4118, 2006, 1369, 4049, 3005, 4411, 1665, 1778, 2639, 3664, 2535, 539, 1545, 3879, 876, 2351, 2559, 942, 523, 704, 135, 3780, 2121, 3178, 3535, 4482, 1437, 4109, 4365, 2028, 2542, 606, 4048, 1035, 4410, 3729, 4754, 3914, 1541, 4298, 1198, 2312, 3831, 3958, 4375, 2926, 4477, 2512, 336, 1043, 4017, 799, 1488, 2858, 2448, 406, 2916, 1100


jeremy8912
3127, 583, 4393, 3644, 1211, 3859, 4667, 2143, 765, 3917, 1837, 4186, 92, 2340, 2245, 3976, 915, 3518, 822, 4257, 1289, 380, 439, 4370, 584, 65, 4437, 2972, 405, 1020, 4006, 4028, 690, 4059, 1669, 3349, 1332, 4687, 3358, 1224, 3935, 1434, 1428, 2350, 2964, 362, 1933, 4051, 148, 180, 425, 2017, 1388, 522, 3256, 2256, 3217


wangcheng
4741, 1402, 4470, 3254

W7327710
914, 4614, 1416, 1144, 383, 1147, 3420, 1898, 3843, 387, 1992, 2041, 187, 2710, 900, 2712, 3579, 3764, 931, 3899, 2129, 3794, 3166, 3703, 1875, 1715, 1186, 2619, 591, 3607, 1158, 2994, 3197, 1713, 3891, 2084, 3769, 1925, 1413, 2130, 563, 190, 2395, 3666, 3388, 377, 1934, 1232, 1801, 3078, 564, 2310, 1191, 4644, 1405, 3279, 3339, 4576, 880, 1476, 1491, 115, 287, 1054, 904, 211, 2836, 1164, 337, 552, 1007, 3094, 2571, 3997, 4275, 1855, 2849, 1067, 3133, 682, 3927, 1673, 3473, 1996, 4311, 3102, 2023, 3638, 4200, 2722, 3872, 4140, 3122, 2279, 1859, 3953, 4373, 3818, 959, 511, 4215, 4184, 3711, 154, 3118, 1592, 3239, 984, 1311, 4513, 3030, 4637, 87, 1565, 602, 228, 3983, 3633, 3234, 2259, 4238, 3416, 1641, 531, 4156, 3274, 2829, 2369, 1911, 1177, 611, 2708, 2655, 356, 4434, 1203, 860, 3445, 1478, 156, 14, 2525, 4174, 447, 2339, 2810, 3202, 1375, 3785, 2693, 3853, 3871, 2098, 1182, 1775, 1529, 794, 368, 203, 588, 998, 3561, 3085, 2706, 151, 13, 3791, 1226, 4604, 1653, 3747, 1972, 2760, 2852, 2349, 635, 3128, 812, 4428, 4211, 2802, 1034, 50, 3797, 4726, 2864, 1827, 4445, 1517, 3802, 166, 438, 4593, 2158, 1433, 2791, 680

butianhu
285, 252, 4621, 4133, 3110, 3913, 4242, 4187, 2814, 2105, 4742, 3355, 4073, 4035, 1666, 2120, 4158, 1890, 2979, 1411, 2075, 2036, 4584, 3024, 749, 4219, 2090, 4248, 3857, 2935, 3129, 3360, 3151, 1275, 1762, 2088, 3840, 1532, 2596, 3040, 3779, 1618, 133, 3934, 4253, 2128, 4485, 4639, 1976, 2681, 4139, 796, 1148, 1243, 3803, 4407, 3555, 2917, 1357, 808, 1336, 554, 4011, 3726, 3287, 2984, 3171

Ken850326
4067, 3626, 1176, 1085, 1511, 2907, 4732, 3460, 4288, 3331, 3282, 4056, 3570, 2409, 728, 792, 2348, 2314, 505, 361, 1826, 2659, 3297, 2275, 2696, 3268, 825, 2861, 4349, 2343, 1316, 1079, 3732, 2150, 2446, 36, 2758, 130, 1520, 2566, 3496, 3660, 2576, 3825, 2817, 2912, 4458, 1738, 872, 3789, 1842, 255, 2884, 3378, 2601, 1730, 4146, 2205, 4055, 1394, 3048, 2932, 198, 3550, 2206, 3227, 968, 527, 2721, 4722, 177, 4245, 486, 1104, 4590, 4615, 3492, 924, 1501, 647, 1477, 4168, 4501, 2822, 162, 972, 1028, 1347, 3569, 1342, 2582, 3559, 212, 1027, 3026, 414, 958, 2606, 1964, 3173, 4075, 4582, 1634, 4021, 4135, 1693, 1781, 2748, 568, 2946, 3808, 1994, 2101, 2978, 40, 2675, 46, 4676, 1442, 4018, 3476, 3778, 2492, 3933, 4544, 4476, 783, 1128, 1503, 1739, 176, 1252, 936, 2483, 1310, 3583, 2191, 1537, 2400, 1099, 2033, 2149, 2278, 2704, 3052, 3863, 374, 2113, 1102, 2870, 2536, 1162, 983, 2039, 3216, 2011, 2695, 4050, 1036, 1899, 4689, 3684, 2842, 4323, 543, 2554, 3531, 2986, 278, 1156, 4469, 15, 2837, 2459, 1012, 4203, 3367, 3198, 3990, 3809

S193764582
4386, 3513, 4675, 2415, 2411, 692, 2118, 2490, 3391, 2769, 31, 3413, 1849, 548, 1540, 4160, 795, 2603, 1525, 1547, 1003, 3926, 4634, 1997, 4457, 2952, 1185, 2096, 2725, 577, 3176, 4603, 1632, 1069, 1986, 4209, 2393, 986, 3645, 935, 56, 2355, 2938, 2893, 1555, 4077, 1202, 2238, 2210, 2740, 2373, 1074, 3289, 2224, 1570, 4519, 3243, 4466, 2462, 2482, 257, 2651, 2671, 3053, 4706, 2957, 1114, 517, 1765, 2599, 1766, 598, 479, 2502, 675, 3421, 1700, 240, 3429, 482, 561, 2112, 660, 640, 2126, 927, 172, 1831, 4594, 3986, 2901, 4334, 1819, 3601, 2276, 3347, 4132, 1363, 484, 4525, 1797, 4362, 975, 831, 4567, 2644, 3437, 1614, 2874, 1780, 1675, 1661, 2163, 3725, 1061

qwe850910
2541, 494, 1108

tammy0329
1472, 3330, 4447, 1119, 573, 3487, 3099, 3558, 2108, 2818, 495, 4318, 849, 4541, 2003, 746, 1408, 4674, 3627, 2141, 650, 2518, 2853, 2519, 3001, 1155, 4412, 412, 2042, 1914, 2352, 2333, 3675, 2027, 2272, 3448, 2506, 2009, 1141, 1624, 1672, 3165, 248, 1330, 4063, 1968, 3909, 4583, 4008, 3902, 2598, 666, 174, 4360, 2761, 2172, 608, 2594, 1113, 2713, 1151, 3051, 3796, 2875, 3655, 108, 3244, 3773, 4550, 2960, 1456, 1265, 1522, 1482, 3225, 1749, 3742, 3403, 261, 1788, 657, 1741, 2577, 3688, 2144, 2326, 1248, 2114, 4557, 3044, 2742, 3218, 2282, 2305, 2716, 1923, 988, 2152, 575, 2421, 1505, 4635, 3484, 1763, 4554, 1450, 2614, 2289, 1338, 4241

zh0909
1682

a840225
3228, 3582, 3820, 3263, 4301, 4220, 4425, 3545, 844, 3251, 818, 4332, 2336, 4698, 4149, 238, 3261, 1941, 3694, 3949, 1893, 3623, 977, 3610, 1543, 1172, 4216, 1396, 534, 1721, 1794, 3304, 923, 1453, 1287, 217, 315, 3372, 2223, 4731, 3116, 1234, 1978, 2026, 1105, 3235, 2138, 2078, 3039, 4529, 3836, 2995, 3858, 1422, 266, 589, 3869, 576, 1974, 2980, 594, 4684, 898, 920, 1587, 518, 270, 2394, 733, 2727, 2668, 4232, 1237, 1250, 3273, 4236, 3143, 550, 3195, 793, 2437, 1112, 1969, 1390, 1774, 1639, 4374, 1975, 1190, 2050, 2024, 3314, 3767

boss1844t
3104, 2587, 2269, 3538, 1096, 2064, 2057, 669, 2803, 2871, 2048, 3552, 4274, 2196, 3029, 4261, 4001, 625, 752, 478, 2937, 4421, 4735, 340, 62, 1913, 3302, 1008, 2072, 3663, 2122, 3886, 3761, 925, 3948, 781, 884, 3054, 1646, 300, 1866, 1149, 454, 1884, 1973, 3015, 947, 566, 1563, 20, 1322, 1426, 146, 1373, 1776, 2730, 4522, 702, 3248, 868, 445, 653, 1345, 1825, 2398, 2380, 4440, 3203, 2552, 3359, 2449, 1080, 2485, 2103, 2569, 3931, 3338, 1878, 2873, 2646, 3636, 223, 750, 2840, 910, 369, 2737, 4685, 2496, 3915, 3032, 4718, 4112, 1386, 2548, 2423, 572, 2065, 2756, 1017, 265, 229, 944, 3419, 3007, 1747, 1584, 2974, 1588, 4120, 3426, 4712, 1981, 1271, 1094, 3087, 4607, 2401

a909088
4074, 878, 4671, 510, 451, 2464, 1617, 2590, 105, 2991, 4033, 3557, 1910, 189, 4661, 1471, 3864, 2136, 989, 4336, 1173, 3584, 3649, 3385, 743, 3081, 242, 4101, 2013, 2711, 1583, 2682, 4213, 1468, 3602, 1871, 4545, 949, 3226, 3750, 2617, 1950, 1514, 1249, 4691, 4439, 1101, 3805, 1376, 2402, 4251, 4727, 2059, 736, 2182, 3597, 1364, 1087, 1573, 411, 4405, 497, 1731, 2007, 3120, 1076, 3065, 1439, 2131, 4599, 2664, 742, 3095, 2637, 3837, 2753, 1920, 2171, 1485, 2661, 152, 305, 1018, 2267, 4462, 3683, 2292, 4066, 2779, 3324, 2474, 1597, 2471, 3525, 553, 395, 142, 2747, 3943, 2135, 3037, 1833, 1169, 2670, 4177, 440, 4663, 167, 4130, 777, 978, 4343, 4, 2468, 1239, 724, 2815, 1350, 4491, 2749, 1055, 1626, 741, 1333, 4196, 655, 6, 3084, 1882, 4198, 3625, 366, 3319, 1042, 2516, 982, 3381, 3560, 3896, 468, 2570, 129, 4630, 1490, 3023, 2975, 2257, 762, 525, 4043, 3624, 1581, 1922, 1267, 757, 974, 2676, 4408, 1502, 253, 1891, 3608, 84, 61, 4610, 1966, 1495, 1238, 126, 4136, 1415, 4627, 3947, 2795, 4205, 4473, 372, 678, 3806, 2707, 1090, 929, 371, 2894, 536, 2357, 580, 4114, 313, 2967, 308, 965, 4655, 1418, 85, 2494, 1847, 1901, 333, 3596, 985, 446, 1723, 3011, 1959, 3829, 1152, 508, 4262, 2733, 4526, 4723, 1183, 4523, 4724, 4647, 4282, 4297, 2790, 91, 2544, 3382, 165, 604, 1214, 359, 3540, 2768, 1004, 3407, 766, 4623, 325, 3613, 2528, 2271, 3316, 4500, 772, 2806, 4029, 2434, 2928, 4190, 3894, 2919, 1016, 1668, 646, 4057, 1932, 34, 3887, 1995, 1963, 421, 1215, 1339, 1821, 2391, 3259, 173, 4202, 1049, 4403, 1136, 761, 2216, 1073, 113, 1965, 798, 1431, 2258, 4418, 1836, 3046, 1352, 832, 4592, 2204, 2179, 601, 2134, 4448, 3554, 2038, 2600, 4144, 1009, 179, 874, 410, 3647, 2530, 72, 4065, 4125, 3482, 2922, 3880, 4465, 2239, 2657, 499, 1861, 2546, 277, 109, 4167, 4435, 3222, 578, 2307, 3345, 713, 3379, 4371, 893, 2396, 434, 3611, 1712, 19, 864, 3043, 184, 1519, 638, 1744, 55, 2686, 1205, 513, 3771, 347, 417, 1346, 3754, 2323, 4024, 4037, 3224, 4625, 4002, 4129, 3838, 3783, 1722, 465, 1349, 3876, 1962, 2505, 2186, 3511, 946, 3598, 132, 1264, 3632, 2591, 1761, 1556, 2218, 1734, 312, 3952, 2924, 3592, 623, 1820, 642, 1887, 3865, 2520, 2579, 2831, 1132, 4659, 2672, 3574, 3628, 2830, 3674, 768, 3960, 3630, 4304, 3086, 4643, 940, 994, 1312, 802, 4247, 2863, 1084, 2819, 3575, 33, 3231, 1168, 2951, 967, 2408, 4359, 2458, 1255, 2472, 516, 1356, 2669, 2430, 3826, 744, 1577, 928, 1462, 267, 83, 2467, 4229, 2034, 3978, 562, 2799, 4478


Han2337
648, 134, 1838, 269, 433, 3968, 3593, 3738, 1086, 1305, 4433, 2379, 932, 2052, 1982, 3906, 1768, 496, 3305, 3699, 2902, 1274, 629, 331, 2705, 2545, 558, 11, 1010, 4538, 1708, 2315, 883, 2334, 3604, 3685, 4302, 541, 3692, 262, 3365, 3905, 3232, 2251, 1139, 63, 2341, 3441, 77, 600, 4506, 4693, 950, 3495, 2691, 3050


a960703757
3743, 441, 1171, 4507, 3278, 500

Smeater
758, 4072, 2896, 1606, 2626, 2070, 423, 2885, 4391, 684, 1637, 4176, 178, 2290, 1129, 1058


Dino880812
1943, 712, 1589, 1735, 3112, 3609, 1810, 2139, 2031, 4648, 2360, 4681, 889, 1126, 3572, 403, 3215, 3363, 2076, 137, 201, 607

pj34536
921, 3852, 3229, 4380, 4498, 1767, 672, 2005, 3710, 4464, 2688, 2253, 1425, 4524, 1056, 3257, 4734, 4595, 4597, 875, 3741, 2855, 111, 2654, 4230, 775, 1497, 1869, 663, 1423, 3041, 637, 4290, 1726, 1732

kay870308
2304, 4705, 2338, 4154, 2346, 471, 3380, 1616, 4686, 1687, 1314, 3873, 4045, 364, 2366, 357, 1039, 1440, 3834, 1179, 8, 3387, 2453, 2714, 2956, 3399, 103, 1259

Mile3426
2214, 2115, 4197, 2850, 3901, 304, 888, 381, 957, 1764, 1391, 2187, 1736, 4571, 2560, 2882, 767, 995, 2784, 4010, 1813, 2012, 1494, 1448, 227, 138, 2236, 1095, 837

poki210032
2203, 4429, 258, 3412, 2702, 2618, 677, 437, 2063, 2787, 1818, 3763, 2684, 3000, 897, 4453

faco0403
317, 755

Andy631022
4618, 1021, 3509, 1513, 2890, 3875, 4608, 1489, 2125, 1509

w51772
4430, 3485, 2881, 2663, 3474, 951, 4605, 1400, 3605, 3867, 501, 4335, 747, 329, 3080, 2185, 2954, 3108, 3008, 98, 3594, 1052, 2234, 3967, 480, 862, 4642, 4589, 2202, 1664, 4270, 3491, 626, 3499, 4287, 740, 4131, 2630, 4350, 71, 3530, 3356, 1843, 2892, 2534, 1260, 1427, 797, 1441, 3488, 2883, 1262, 3395, 3517, 4752, 2173, 1279, 2124, 4039, 710, 2556, 1200, 2359, 3427


se911007
161, 3182, 4042, 2678, 2550, 4141, 4148, 4095, 4155, 1048, 4169, 235, 1832, 3292, 3267, 1072, 3676, 3904


form1019
2313, 2361, 2053, 3721, 4512, 2745, 1779

Kevin1223
2273, 2416, 618, 119, 3055, 1465, 695, 3646, 3648, 407, 4086, 871, 21, 3300, 2389, 170, 3971, 4016, 1315, 3788, 251, 3501, 3801, 4113, 2228, 599, 1748, 934, 3288, 922, 4620, 3477, 3766

spps3511
4486, 1397, 4454, 530

PockyWen
4711, 1896, 1881, 2089, 3467, 1567, 3207, 3505, 4268, 1199, 1814, 476, 4206, 993, 4409, 2605, 4563, 3784, 4047, 3667, 1196, 1930, 2082, 3704, 3139, 2741, 2302, 1770, 32, 686, 2833, 1420

su255473
2491, 3702, 4013, 2231, 1707, 4542, 3377, 3510, 3028, 4143, 2891, 3271, 1157, 3653, 836, 2055, 2751, 1576, 2620, 3893, 1033, 4388, 2816, 2921, 659, 4520, 4474, 4164, 3093, 4511, 1648, 2225, 39, 3320, 2488, 127, 835, 2054, 3098, 1269, 4601, 3025, 1725, 3728, 3119, 3606, 1599, 730, 4259, 1138, 3945, 2244, 3373, 1246, 3719, 2628, 2388, 3022, 2872, 557, 3354, 1919, 4255, 3678, 535, 3936, 2586, 2049, 1381, 2877, 2763, 4342, 3213, 2905, 220, 2443, 2327

dpps6668
1290, 2889, 4646, 4256, 2104, 2083, 1888, 2298, 3069, 3172, 2194, 1354, 1603, 4226, 2317, 3346, 3528, 302, 4094, 828, 4292, 2299, 2602, 3425, 2015, 4650, 1940, 953, 1591, 4668, 2939, 1212, 1773, 1691, 4451, 363, 4333, 3760, 4679, 1303, 3980, 2845, 1879, 4708, 939, 873, 1746, 1417, 4329, 3639, 1106, 560, 4166, 1337, 3988, 100, 4628, 820, 1207, 3343, 1931, 722, 2903, 1554, 3695, 4574, 753, 4183, 4098, 2248, 1889, 4084, 3191, 4150, 3687, 219, 1835, 4351, 3551, 2782, 2364, 185, 4640, 537, 559, 2331, 1500, 3723, 4672, 2475, 621, 2859, 4716, 3199, 4000, 1050

0976352348
1769, 442, 2625, 545, 318, 1194, 863, 1236, 4293, 4070, 1166, 3502, 3798, 4280, 2068, 4560

0zg1i1tf
2254, 3471, 3280, 424, 3472, 2616, 2476

Kdd960621
2854, 506, 2284, 443, 2261, 2100, 2797, 2993, 2658, 52, 409, 4340, 1460, 1446, 2811, 1483, 1374, 4701, 1845, 3860, 4338, 1382, 2407, 4533, 4750, 1717, 4414, 1361, 2051, 3539, 4346, 2936, 1938, 1516, 1066, 4382, 809, 4617, 693, 721, 665, 2543


aahhww921
2813, 118, 307, 3662, 1808, 2604, 3816


mp5arc
579, 2680, 3309, 4695, 2465


bb1116
3169, 3049, 4022, 3180, 4265, 1041, 3776, 4395, 1213, 4376, 1341, 859, 4565, 1324, 855, 3027, 4354, 2578, 3541, 1321, 4284, 3402, 2851, 4159, 1698, 2648, 2755, 2943, 290, 4738, 1153, 3371, 1811, 2683, 2828, 4654, 4269, 3152, 911, 3061, 2001, 4289, 2092, 1178, 4559, 1960, 2427, 3856, 882, 2438, 2168, 1276, 1130, 2977, 2067, 4331, 4472, 2868, 2247, 2998, 2145, 2062, 2469, 3543, 3657, 101, 183, 732, 1140, 2934, 241, 1362, 3344, 1710, 2968, 281, 1539, 4111, 2099, 4460, 3450, 2232, 3807, 1598, 1706, 4415, 3812, 1709, 155, 720, 3483, 1575, 4044, 4416, 3813, 3563, 2123, 3939, 4514, 141, 402, 2157, 1142, 754, 3744, 962, 243, 1291, 1323, 3619, 3264, 1317, 4494, 3757, 3979, 3321, 394, 3004, 428, 1023, 3526, 2701, 633, 1647, 2356, 3718, 3870, 1484, 58, 3651, 43, 1075, 1662, 3889, 3192, 2249, 464, 2444, 1792, 3878, 1463, 4743, 627, 2295, 3588, 1088, 458, 2405, 826, 498, 4404, 3034, 3658, 4733, 4398, 2167, 3656, 1118, 3307, 221, 1531, 2941, 2632, 1527, 926, 1451, 1771, 1651, 3498, 24, 4749, 3138, 427, 1486, 3781, 461, 4366, 1510, 4372, 1830, 4535, 4578, 3671, 2208, 2435, 349, 1970, 2016, 3161, 4243, 171, 1181, 2087, 2452, 1424, 4624, 4658, 997, 2621, 3999, 3298, 3568, 4124, 2328, 1786, 351, 2418, 2703, 2918, 3635, 4736, 4467, 3903, 3162, 4670, 1638, 1854, 2410, 556, 2374, 2513, 1109, 1809, 3185, 3071, 813, 1258, 125, 455, 1492, 3206, 3074, 4299, 1955, 2286, 66, 1998, 4631, 3219, 2732, 1800, 4058, 1822, 4025, 4492, 2532, 1506, 1990, 2455, 2309, 3392, 3462, 2303, 2878, 3799, 2847, 4358, 4396, 97, 3637, 907, 3170, 1956, 901, 346, 3070, 3160, 2862, 4367, 469, 661, 2929, 1060, 3506, 4252, 4078, 2422, 4324, 3337, 2533, 4677, 2801, 90, 1724, 3740, 260, 597, 4152, 1378, 616, 3854, 515, 4450, 1358 ,5033 ,5034 ,5035 ,5036 ,5037 ,5038 ,5039 ,5040 ,5041

abc901075
275, 3159, 1293, 3101, 4548, 2970, 3615, 1942, 3955, 3075, 714, 4046, 807, 2931, 2478, 75, 2610, 99, 4665, 1852, 691, 1772, 3342, 4260, 1081, 1989, 2318, 913, 3918, 3670, 210, 1117, 4314, 1623, 3125, 2019, 2526, 3715, 354, 774, 1954, 2381, 1461, 110, 1474, 459, 1480, 3431, 2643, 4221, 310, 247, 4162, 3058, 3109, 1885, 4020, 1568, 1806, 1991, 1283

kime762
3706, 4579, 1620, 549, 1909, 272, 293, 3714, 538, 1569, 2454, 3686, 3617, 3076, 756, 1796, 839, 4315, 1518, 2345, 2925, 1939, 4306, 3121, 2551, 2823, 544, 3311, 4463, 1019, 3031, 209, 2425, 2562, 2660, 3962, 2899, 153, 3465, 4383, 2949, 4208, 449, 656, 483, 2567, 1644, 3682, 1192

Qaz1202
3179, 4244, 1689, 847, 4007, 1574, 27, 334, 1360

bruce0715
1645, 3938, 3745, 4700

cookie0914
2709, 1740, 3459, 2898, 4237, 4185, 2429, 3828, 1459, 789, 2433, 1834, 3167, 1313, 3567, 3546, 2775, 4703, 2726, 2746, 3661, 4397, 2000, 1125, 3793, 4612, 3126, 3009, 3521, 344, 4295, 4092, 2442, 1184, 3470, 2197, 2174, 2428, 930, 1515, 1791, 1868, 652, 2832, 2739, 3286, 3369, 824, 2404, 2018, 3351, 284, 2320, 842, 3136, 546, 1165, 47, 2132, 1235, 2715, 3668, 1580, 1302, 609, 821, 2046, 3091, 2342, 1233, 225, 9, 3383, 1268, 2189, 1053, 2363, 4696, 4600

pan055966
4636, 473, 1640, 391, 2589, 4254, 547, 603, 1615, 3329, 457, 2698, 4178, 4277, 3881, 2074, 259, 4173, 2947, 4660, 4225, 4572, 2155, 3265, 2557, 1187, 4271, 4468, 1225, 1678, 976, 4300, 3600, 778, 2778, 2592, 1320, 3006, 396, 1188, 237, 3500, 1961, 2771, 1971, 2079, 215, 4023, 2161, 4543, 1508, 4602, 2915, 945, 1344, 1758, 610, 706, 4710, 3782, 231, 3514, 1436, 3438, 3862, 617, 3018, 59, 2514, 3466, 199, 1068, 3755, 726, 2997, 3376, 2685, 4019, 4609, 817, 1566, 2184, 3640, 2950

irere11251
4147

08hen6
1308, 2523, 4052, 4505, 3134, 3153, 4497, 3890, 1452, 4744, 4153, 912, 4218, 2785, 4730, 2565

af76977
2825, 2142, 4307, 3242, 2419, 2650, 276, 3405, 297, 3174, 2765

dg6q9f2fa
4558, 3921, 4638, 4235, 4713, 2622, 938, 3428, 1752, 879, 2220, 3824, 2876, 819, 3950, 2262, 2484, 3418, 82, 1387, 1789, 2914, 296, 399, 3184, 3457, 3581, 2069, 1024, 3494, 1816, 3861, 3113, 1045, 3701, 1120, 2178, 493, 4204, 3375, 567, 1613, 4537, 2495, 2274, 4083, 3707, 86, 1579, 3401, 1115, 4645, 593, 1751, 2762, 2035, 4228, 1892, 3301, 2508, 254, 622, 644, 145, 136, 2820, 1443, 3734, 3845, 1850, 7, 1663, 1210, 1544

Lee041838
1251, 1445, 628, 4552, 1533, 4423, 1947, 3033, 1894, 1650, 1654, 4549, 4069, 4266, 3642, 3409, 157, 996, 737

sad4532310
466, 3362, 3954

Yuchen0330
1193, 3774, 2499, 2827, 3868, 2246, 4110, 671, 1679, 3524, 470, 2365, 214, 2510, 4157, 2736, 3523, 614, 4305, 3384, 3277, 3447, 4121, 352, 641, 3458, 2293, 1631, 3187, 37, 3238, 1272, 1785, 279, 1412, 2593, 3970, 1070, 4009, 4496, 3397, 245, 436, 739, 2213, 1957, 3014, 2631, 2759

yeharr9292
2906, 326, 4319

ying085957
25, 4626, 639, 1804, 4172, 60, 2667, 1979, 2071, 1562, 398, 4527, 4657, 3415, 4444, 2154, 44, 2869, 4753, 1384, 1753, 4616, 2237, 1410, 3768, 3328, 10, 233, 700, 2347, 1150, 343, 3440, 2908, 1098, 370, 4521, 3433, 64, 2160, 1368, 4115, 4729, 1559, 2982, 4510, 2487, 3957, 393, 3147, 4337, 2757, 751, 1435, 3332, 1175, 1629, 3564, 4151, 2983, 1457, 1366, 651, 4263, 3386, 1787, 57, 3411, 291, 823, 4320, 2636, 2085, 2439, 4688, 1815, 3088, 1340, 26, 3233, 4087, 3850, 268, 3326, 1546, 1281, 851, 528, 899, 2561, 856, 1077, 3394, 397, 2020, 658, 3144, 1284, 4240, 4556, 3148, 3361, 2095, 2424, 2477, 2800, 3393, 4182, 3089, 4294, 3691, 1254

cyc085957
3183, 2353, 1329, 163, 1419, 1604, 4481, 418, 759, 815, 1880, 1720, 4471, 731, 159, 4452, 3832, 463, 2226, 3241, 2102, 1398, 709, 389, 3262, 1499, 4746, 1180, 3123, 320, 4518, 1696, 2192, 322, 2754, 2879, 2656, 2767, 1385, 3140, 29, 1103, 1622, 2156, 3290, 4041, 3722, 2414, 3435, 4364, 1377, 4316, 3733, 1032, 3900, 3556, 1309, 2043, 1699, 4034, 1005, 816, 283, 382, 94, 2175, 2517, 379, 355, 435, 1263, 806, 3966, 4188, 4483, 4003, 388, 4093, 4283, 49, 3073, 67, 2306, 3916, 1217, 2397, 3770, 295, 3036, 4424, 3512, 2399, 2857, 2193, 4079, 188, 1630, 3285, 2930, 3294, 1677, 1037, 4515, 2137, 3141, 2311, 239, 194, 256, 2880, 3240, 4580, 3792, 4122, 2865, 4207, 3066, 4384, 916, 2479, 3341, 571, 306, 964, 1627, 2058, 840, 2463, 3132, 4102, 1063, 4534, 2734, 16, 4699, 2645, 3547, 1807, 1343, 1760, 727, 1585, 2624, 4053, 444, 2045, 2451, 605, 1900, 1218, 892, 2119, 4193, 697, 1694, 1856, 3713, 4089, 2014, 1325, 3932, 1282, 420, 2473, 791, 3977, 4490, 2183, 1111, 4249, 2368, 3562, 2230, 3819, 1230, 2008, 2642, 2177, 1534, 3503, 1697, 3897, 1895, 1297, 3106, 4368, 2652, 2493, 3991, 3942, 1372, 80, 1029, 3772, 969, 786, 2297, 1840, 1421, 960, 335, 4108, 1727, 488, 2867, 685, 701, 3208, 2611, 2367, 1536, 592, 1987, 3758

A199281919
2073

ABS1208
1285, 1121, 2608, 3253, 1681, 3586, 1935, 1560, 1967, 3430, 1030, 3680, 2386, 2553, 2370, 481, 1133, 581, 2537

sam80015
2665, 1022, 1607


k25810637
1902, 4499, 2920, 2091, 319, 246, 723, 3019, 1110, 2387, 3746, 2456, 1170, 954, 4488, 586, 1277, 3348, 3673, 2383, 4036


Monkey9420
2793, 2170, 2812, 1671

Let845144
123, 206, 3827

caster076
999, 386, 1504, 1757, 4217, 474, 3318, 3973, 3432, 3504, 2243, 1701, 2895, 2821, 2807, 4622, 4344, 327

Equinox
192, 2789, 2574, 4562, 2316, 4142, 3366, 1013, 4717, 3765, 353, 1107, 2270, 3693, 3708, 810, 3200

jay6104
76, 345, 4137, 1093, 169, 771, 2585, 3145, 891, 2633, 1877, 708, 2056, 4720, 4591, 3168, 96, 1680, 1288, 3163, 4030, 4308, 3130, 489, 4071, 3855, 3370, 1273, 68, 2382, 3272, 17, 1526, 2481, 2913, 1915, 106, 4721, 2093, 4027, 3486, 2432, 4694, 3993, 2897, 1552, 415, 3252, 829, 2116, 3012, 3790, 1795, 117, 1692, 124, 38, 1127, 1595, 1261, 502, 2770, 4313, 3334, 4509, 1348, 378, 2412, 1602, 2403, 630, 3260, 1926, 540, 3672, 1393, 3400, 2607, 636, 4353, 1676, 1742, 3587, 2362, 2277, 3317, 632, 679, 3527, 542, 2720, 3882, 1280, 1092, 956, 350, 1674, 2689, 1535, 2677, 4171, 963, 1611, 3777, 2509, 139, 338, 2969, 2999, 981, 4082, 2838, 1403, 1642, 2584, 3599, 2613, 4629, 416, 2285, 2673, 2322, 158, 2264, 3100, 1296, 565, 4704, 2959, 1355, 3323, 3064, 4015, 2358, 2522, 2945, 4363, 4573, 3103, 1817, 3724, 131, 895, 2940, 360, 244, 4493, 4502, 1455, 716, 2575, 3937, 2944, 384, 2162, 1301, 845, 4673, 1695, 1945, 3410, 2392

k135144cok
3221, 2159, 1295, 121

a31599096
3181, 587, 1143, 780, 1621, 2375, 2674, 4145, 78, 1625, 3059


112013
734, 4702, 4234, 785, 4085, 2786, 1089, 4449, 1985, 4479, 3284, 3720, 2140, 4651, 4106, 1253, 2151, 5, 715, 3193, 3424, 1370, 453, 3994, 854, 3072, 689, 4330, 4495, 2440, 107, 3811, 634, 144, 2805, 3534, 3060, 3696, 3124, 1475, 3922, 2834, 2500, 122, 555, 3158, 4195, 2690, 1944, 2268, 2166, 149, 2887, 933, 1649, 1936, 3709, 885, 2835, 2241, 4281, 533, 569, 1159, 2288

tkman678
3804, 3220, 2638

Aa880318
1134, 3533

Z8021520
3689, 668, 1596, 4189, 848, 3841, 2199

z3561
2844, 674, 3077, 1946, 1688, 3299, 1586, 3157, 2169, 3508, 834, 2022, 1572, 1858, 426, 1351, 1078, 1984, 1784, 3489, 490, 3114, 2287, 4641, 4566, 274, 624, 3618, 208, 509, 2796, 503, 3306, 2319, 2504, 3787, 3062, 833, 2583, 1389, 4127, 1628, 1006, 2441, 4508, 4134, 1326, 3017, 2507, 595, 12, 1619, 3390, 955, 2, 404, 70, 4119, 2581, 3322, 870, 462

ttf7630
718, 4381, 1197, 2198, 1872, 2266, 3786, 3736, 4553, 1924, 1145, 4680, 3493, 3800, 2595, 769, 3398, 3443, 1783, 1399, 2094, 2772, 2117, 2824, 4192, 2900, 3422, 4091, 1876, 881, 2580, 1659

qwe8527410
3595, 2498, 1643, 1292, 1937, 2219, 3209, 289, 348, 3212, 1031

lovesss
4419, 2942, 2450, 2718, 4569, 3038, 917, 688, 2252, 970, 526, 3577, 4417, 615, 3082, 4357, 4117, 670, 1652, 4441, 738, 4438, 2445, 3016, 2572, 2466, 1473, 1557, 4347, 3892, 1719, 2723, 3214

qq0723
1512, 4487, 3442, 4385, 1790, 2296, 3888, 1683, 3650, 2888, 79

tommy0663
551, 4088, 1754, 664, 35, 4138, 3368, 1306, 4540, 2773, 4291, 4516, 1038, 3479, 1657, 432, 4426, 2731, 3964, 273, 1908, 867, 4040, 3154, 613, 2457, 1953, 830, 3716, 3092, 3177

love990930
2609, 507, 342, 485, 3654, 4312, 1656, 2971, 2547, 3566, 1916, 1395, 3269, 4361, 2860, 3408, 3739, 4420, 2777, 1000, 2623, 3830, 3603, 3817, 4715, 1123, 3884, 3698, 667, 918, 3571, 4264

Wu1118
3985, 2060, 431, 3920, 1065, 4387, 1449, 3350, 2215, 1846, 401, 3549, 1704, 4273

0908908199
4339, 95, 4745, 3940, 2004, 2955

Chen1357
30, 1918, 1848, 197, 2798, 866, 2486, 745, 943, 3885, 1993, 3315, 4484

392837
2780, 1705, 4004, 2662, 919

zxc168
2406

qqpp08033
4714, 4170, 2263, 2431, 1802, 3908

A851024
1903

kaevink
1467, 1886, 3247

pgy88099
4227, 843, 3275, 1841, 88, 3544, 4222, 1600, 1999, 3105, 3357, 1737, 3844, 3620, 760, 314, 1897, 3553, 4611, 1327, 292, 3762, 4267, 1047, 1266, 4250, 3461, 316, 2344, 3959, 4328, 4653, 2066, 4276, 1799, 2699, 1860, 2229, 2354

xin0705
3748, 1610, 2792, 1026, 3205, 3010, 3963, 2966, 909, 1466, 218, 23, 3068, 186, 896, 4400, 1071, 2985, 1812, 2255, 2529, 887, 2521, 4748, 2976, 1209, 4246, 3296, 429, 1743, 2025, 294, 1470, 1359, 1245, 1493, 3775, 4322, 4690, 226, 2337, 3480, 2515, 3230, 4181, 643, 4005, 4394, 992, 2329, 1040, 1605, 3814, 846, 3423, 941, 4061, 827, 3258, 1590, 3308, 3677, 477, 282, 3245, 3996, 2776, 2694, 1571, 1907, 890, 1401, 195, 687, 4199, 4379, 582, 1059, 3333, 1216, 3336, 3923, 2774, 1220, 2996, 3045, 1538, 790, 514, 2081, 504, 2981

aa123654
3848, 2002, 3063, 4598, 4480, 903

Lin751
4649, 596

smmh87156
2222, 299

caesar0909
3631, 367, 2044, 1219, 770, 1498

yh920203
4740, 207

qaz620422
3795, 3847, 2738, 3542, 3839, 3281, 1917, 3002, 3404, 1082, 303, 4575, 3946, 1097

sawumi5555
3877

0902256921
1227, 1949, 719, 1122, 1542, 673, 987, 3211, 1870, 288, 2744, 801, 22, 1161, 2904, 1257, 4352, 4568, 2615, 1353, 3912, 1304, 1083, 3652, 3992, 390, 3446, 2180, 1256, 3013, 570, 4105, 703, 1862, 422, 3150, 2687, 4551, 4345, 3353, 2153, 2080, 1521, 3047, 3146, 1685, 705, 3453, 574, 1189, 3115, 3589, 2764, 1803, 2649, 952, 2181, 698, 2692, 1716, 2635, 1507, 2417, 492, 3622, 1988, 681, 2629, 3003, 2061, 1380, 683, 2794, 4666, 1195, 1714, 3898, 4442, 2147, 1839, 324, 1823, 2573, 2111, 3735, 4054, 3751, 779, 3705, 3079, 2843, 1702, 1844, 4587, 3454, 3519

0989267912
948, 2866, 1670, 3573, 2127, 1551, 4076, 1865, 1951, 160, 2390, 2558, 2384, 1057, 2781, 2961, 114, 3925, 2321, 2962, 3907, 1549, 3249, 1929, 3090, 323, 3665, 4692, 3035, 2989, 341, 3956, 4728, 2420, 430, 2653, 74, 2385, 3291, 725, 181, 1853, 3580, 1318, 1777, 4682, 224, 869

iv52090
4401

jiajia0617
2489, 2233, 1064, 1222, 2724, 2804, 654, 4459, 1655, 2291, 4561, 3961, 2010, 309, 2752, 3974, 620, 2679, 865, 4038, 4577, 4446

a881124
271, 1409

Jia0115
1558, 1750, 811, 3585, 1927, 182, 2227, 631, 4431, 2164, 3096

iris0705
1131, 3984, 4539, 2640, 1407, 4378, 51, 4707, 4223, 1857, 1479, 4555, 3987, 53, 3536, 4327, 385, 1464, 3352, 2301, 1270, 2848, 4422, 3998, 2927, 2235

pubmatt
4390

aqz1231591
3851

orelate80
2021, 980, 450, 3731, 2527, 1298, 4272, 3576, 4436, 4212, 4504, 2378, 1091, 908, 4369, 2097, 2470, 2217, 472, 1635, 3464, 2265, 3210, 2597, 2376, 1609, 1414, 4475, 222, 529, 3975, 696, 4097, 1733, 4165, 1294, 236, 3759, 2958, 1002, 3919, 216, 1873, 4341, 4031, 3849, 3374, 519, 1174, 4606, 3522, 2503, 2839, 1160, 3981, 2165, 2242, 1550, 328, 1548, 2372, 2990, 193, 4175, 4191, 3730, 1829, 3815, 147, 804, 2886, 4032, 1208, 966, 2856, 4489, 852, 805, 1221, 3842, 905, 3, 3910, 2766, 116, 263, 4258, 232, 2497, 1062

pig8888
4163

morris8407
3293, 1883, 1593, 3614, 841, 937, 1406, 971, 1167, 373, 1528, 4581, 3389, 2568, 4413, 2086, 1703, 2563, 3591, 2460, 1906, 2377, 3537, 3204, 4456, 2719, 773, 3042, 3669, 902, 3067, 2077, 120, 2647, 2524, 4697, 3237, 3690, 1241, 4564, 2729, 1430, 2953, 2539, 1392, 4751, 3312, 2029, 4326, 4725, 4100, 3629, 2030, 990, 3117, 376, 676, 857, 3621, 3414, 1367, 1729

cheng2
3982

A018188
4068, 2212, 4503, 2040, 4103, 3972, 1206

homelife23 
4737, 3822, 886, 93, 3578, 1025, 1977, 3056, 230, 4427, 358, 2555, 1242, 1684, 4321, 2371, 1146, 4633, 3156, 3810, 3548, 1759, 1240, 3295, 3712, 41, 4128, 3737, 782, 191, 2788, 1983, 1952, 3327, 4123, 1454, 1612, 1921, 1948, 487, 2728, 1782, 264, 1660, 1231, 1, 2200, 3155, 1244, 1636, 3929, 3515, 735, 168, 4096, 4201, 452, 4406, 1904, 1379, 1905, 2973, 143, 4179, 1229, 711, 1523, 1863, 164, 1432, 286, 532, 3456, 448

kop0208
1247, 3236, 512, 2826, 3874

a6991598
1718, 3835, 4664, 4099, 838, 3930, 2209, 249

iqq00499
4755,4756,4757,4758,4759,4760,4761,4762,4763,4764,4765,4766,4767,4768,4769,4770,4771,4772,4773,4774,4775,4776,4777,4778,4779,4780,4781,4782,4783,4784,4785,4786,4787,4788,4789,4790,4791,4792,4793,4794,4795,4796,4797,4798,4799,4800,4801,4802,4803,4804,4805,4806,4807,4808,4809,4810,4811,4812,4813,4814,4815,4816,4817,4818,4819,4820,4821,4822,4823,4824,4825,4826,4827,4828,4829,4830,4831,4832,4833,4834,4835

fiahqueen5
4836,4837,4838,4839,4840,4841,4842,4843,4844,4845,4846,4847,4848,4849,4850,4851,4852,4853,4854,4855,4856,4857,4858,4859,4860,4861,4862,4863,4864,4865,4866,4867

beat75114
4868,4869,4870,4871,4872,4873,4874,4875,4876,4877,4878,4879,4880,4881,4882,4883

Kkk0909
4884,4885,4886,4887,4888,4889,4890,4891,4892,4893,4894,4895,4896,4897,4898,4899,4900,4901,4902,4903,4904,4905,4906,4907,4908,4909

Tim940997
4910,4911,4912,4913,4914,4915,4916,4917,4918,4919,4920,4921,4922,4923,4924,4925,4926,4927,4928,4929,4930,4931,4932,4933,4934,4935,4936,4937,4938,4939,4940,4941,4942,4943,4944,4945,4946,4947,4948,4949,4950,4951,4952,4953,4954,4955,4956,4957,4958,4959,4960,4961,4962,4963,4964,4965,4966,4967,4968,4969,4970,4971,4972,4973,4974,4975,4976,4977,4978,4979,4980,4981,4982,4983,4984,4985

aaaa3900
4986,4987,4988,4989,4990,4991,4992,4993

lgq1204
4994,4995

Shan030
4996,4997,4998,4999,5000,5001,5002,5003,5004,5005,5006,5007,5008,5009,5010,5011,5012,5013,5014,5015,5016,5017,5018,5019,5020,5021,5022,5023,5024,5025

love9909030
5026,5027,5028,5029,5030,5031

oaoat7150s
5032

zxc7841526
5042









